32
11110000111100001111000011110000
11110000111100001111000011110000
11110000111100001111000011110000
11110000111100001111000011110000
11110000111100001111000011110000
11110000111100001111000011110000
11110000111100001111000011110000
11110000111100001111000011110000
11110000111100001111000011110000
11110000111100001111000011110000
11110000111100001111000011110000
11110000111100001111000011110000
11110000111100001111000011110000
11110000111100001111000011110000
11110000111100001111000011110000
11110000111100001111000011110000
11110000111100001111000011110000
11110000111100001111000011110000
11110000111100001111000011110000
11110000111100001111000011110000
11110000111100001111000011110000
11110000111100001111000011110000
11110000111100001111000011110000
11110000111100001111000011110000
11110000111100001111000011110000
11110000111100001111000011110000
11110000111100001111000011110000
11110000111100001111000011110000
11110000111100001111000011110000
11110000111100001111000011110000
11110000111100001111000011110000
11110000111100001111000011110000